# Created by Octave 3.6.4, Sat Feb 15 14:09:48 2014 CET <tgjuranec@dhcppc0>
# name: d
# type: matrix
# rows: 30
# columns: 8
 0.09360675928160699 0.09360236900087852 0.09355847512643195 0.09312042966473023 0.0889754693520512 0.05309508272078974 0.2590246501042299 59.56746632476204
 0.09360681181306883 0.09360289436741615 0.09356373398342277 0.09317353724743503 0.08924888228498076 0.06131920762510175 0.4011146835757929 32.06186402532153
 0.09360682138731082 0.09360299011842534 0.09356469235257422 0.09318320678278272 0.08918615108252821 0.06240140015633595 0.3531505975949342 22.908396268051
 0.09360682357008729 0.09360301194491848 0.09356491049015744 0.09318537541090545 0.08920727854996253 0.0622419075293439 0.3292191587648753 19.0549635554607
 0.09360682385250134 0.09360301476909 0.09356493873501762 0.09318565817135166 0.08920999898366129 0.06227288340654172 0.3280767314352512 18.00633106225857
 0.09360682267943449 0.09360300303917492 0.09356482151120939 0.09318449346759955 0.08920401231606487 0.06221552875961298 0.3284166665848265 18.49501537291927
 0.09360682565611747 0.09360303281128356 0.0935651197602044 0.09318752875209815 0.08924905440949839 0.06351029873654483 0.3646494505888745 25.67923571701738
 0.09360684012433543 0.09360317751178494 0.09356656859723363 0.09320220032253289 0.08972240063201541 0.0657185828255385 0.4584366024361698 44.53638936751216
 0.09360682506789184 0.09360302699485411 0.09356506817853438 0.09318767115110067 0.0894612967404388 0.06784820800326813 0.6340990165727967 64.96231943201148
 0.09360678062889397 0.09360258268858436 0.09356063348652462 0.09314416119593186 0.08938434300871201 0.07056437088758956 0.9172706894523318 84.71321685352906
 0.09360681381406109 0.09360291460444291 0.09356395906382521 0.09317805865519767 0.08980190597107897 0.07701769902479139 1.130289946347204 72.28324250984551
 0.0936067944949675 0.09360272146519995 0.09356203284041098 0.093159313175361 0.08963533664257373 0.07659558616470079 1.180410315446212 66.9443275908794
 0.09360680305903553 0.09360280712043942 0.09356289084861726 0.09316803874549297 0.08969271318830067 0.07735244851755226 1.173843971478271 53.50906009097186
 0.09360679801400039 0.09360275667346452 0.09356238671643136 0.09316303115531052 0.08979777178502883 0.07702558084826303 1.158686881073471 51.65143031678335
 0.09360679601297306 0.09360273666419529 0.09356218672429269 0.09316104128126966 0.08977468645460822 0.07677999289397038 1.154103394298822 48.16525121220884
 0.0936067996353882 0.09360277288711411 0.09356254883017942 0.09316464999970736 0.08964873916067173 0.07678572070583808 1.144580525795459 41.68587623464128
 0.09360680354870919 0.09360281201519392 0.09356293959794704 0.09316850638051583 0.08968349502017453 0.07698874635678882 1.122084430048913 49.276253865694
 0.09360681158848697 0.09360289241815284 0.09356374414564492 0.09317660370255239 0.08903123950961801 0.07669280130612668 1.114999147929523 59.90666084635878
 0.09360679370778589 0.09360271365000808 0.09356196035088374 0.0931591543838412 0.0889039950474611 0.0770126350329266 1.23495714843848 90.63746400529742
 0.09360677418267459 0.093602518460508 0.0935600146170511 0.09314031303319224 0.08893126249524055 0.08172011608568198 1.485515511138957 107.0979343196716
 0.09360681383656273 0.09360291507190105 0.09356398798189824 0.09317913167211761 0.0894496632397391 0.08824146995214165 1.765177191448715 125.0410762688915
 0.09360680977470601 0.09360287449476962 0.0935635863538281 0.09317494282943863 0.08929110972709318 0.08951671183326763 1.87547594428543 158.8564750217292
 0.0936067978486167 0.09360275527271483 0.09356239801707855 0.09283847460077164 0.08903946343490163 0.09225988070865418 1.970181893214307 179.3918863075012
 0.09360678130146817 0.09360258981614751 0.09356074494296096 0.09282237145416045 0.08890186269139924 0.09266720873567945 1.979255616669101 160.566298000301
 0.09360679191234869 0.09360269592366353 0.09356180588920544 0.09283379945946789 0.08901900074082285 0.09285799659372669 1.94344710604484 102.8345164996897
 0.09360678907635632 0.09360266756107617 0.09356152199700865 0.09283081596058519 0.08914504090403702 0.09274904516332534 1.95526988337993 70.42781555920743
 0.09360678855386041 0.09360266233028347 0.09356146910578171 0.09283037347951549 0.08897830548528229 0.09242962601048085 1.91659157191864 122.0272426518471
 0.09360677935505482 0.09360257034666029 0.09356054971277447 0.09314501696797026 0.08888996580413586 0.09149538464126587 1.84373476258508 222.4827484089901
 0.09360679547284322 0.09360273154280348 0.09356216350013537 0.09316167819732984 0.08906997733094173 0.09104819768601212 1.878607483219302 266.8498211551872
 0.09360678370009867 0.09360261384619975 0.09356098961813553 0.09315082275210587 0.08896643020169871 0.09218494021744703 1.860469001808494 299.4949489771183


# name: r
# type: matrix
# rows: 30
# columns: 8
 0.9362199388459579 0.9362228441748113 0.9362518946055052 0.9365421128224136 0.9394153805889717 0.9649599292108251 0.8452341756502871 0.1641675530587491
 0.936219929366095 0.9362227493518881 0.9362509439469953 0.9365323632413327 0.9392935206983327 0.9612822408783449 0.7609947551677648 0.1931517007466095
 0.9362199232344078 0.9362226880304126 0.9362503302713475 0.9365261804207448 0.9392271128562064 0.9601975235885605 0.7557846376603405 0.2306933729489365
 0.9362199225544607 0.9362226812308954 0.9362502622717386 0.9365254999869407 0.9392202704546603 0.9601312144036394 0.7572053892929445 0.2434208193242587
 0.9362199225198233 0.9362226808845355 0.9362502588092632 0.9365254654748133 0.9392199371565132 0.960129652458501 0.7575643179471387 0.2498333959579156
 0.9362199215614423 0.9362226713007299 0.9362501629717046 0.9365245071454871 0.9392103545062359 0.960029816075913 0.755421548386396 0.249223154558499
 0.9362199156815507 0.9362226125001868 0.9362495748039837 0.9365186092139149 0.939149724899262 0.9592368192325905 0.7386613588433519 0.216745022361286
 0.9362199005649007 0.9362224613265145 0.9362480623494762 0.9365034128409029 0.9389905299563631 0.95689001127194 0.6980359561842738 0.159997756541561
 0.9362198899347455 0.9362223550050475 0.9362469971437639 0.9364925615741926 0.9388619970228818 0.9535610247952782 0.6353997514369855 0.1523305693708927
 0.9362199071420344 0.9362225270441444 0.9362487141550022 0.9365093935577364 0.9389963616134696 0.9514982397657175 0.5835505654018929 0.1642712331773078
 0.9362198932161352 0.9362223877531598 0.9362473180466595 0.9364951127406765 0.9388217121800512 0.946850279857223 0.5578274747207069 0.1918027383502395
 0.9362199147850172 0.9362226034198655 0.9362494725021235 0.9365164361457776 0.9390128532821297 0.9466956731400674 0.5507378413186276 0.2122979872697349
 0.9362199193313723 0.9362226488750127 0.9362499262129818 0.9365208892399784 0.9390490345403193 0.94632108290504 0.549973156530403 0.2214942564927871
 0.9362199254223321 0.9362227097826779 0.9362505350963046 0.9365269587186261 0.9391077738378922 0.9467061425102608 0.5502662535815599 0.2109067939008469
 0.9362199270077354 0.9362227256366539 0.936250693629869 0.9365285434213197 0.9391235442157678 0.9468441723734489 0.5502007639815841 0.1981041058525018
 0.9362199251823409 0.9362227073832351 0.9362505111491171 0.9365267239660959 0.9391058937368554 0.9467265441350842 0.5500840074126199 0.1794346847870972
 0.9362199229965519 0.9362226855273421 0.9362502927894222 0.9365245602757618 0.9390862292699207 0.9466975582984009 0.5487359140912238 0.1627456707410598
 0.9362199198780999 0.9362226543429502 0.9362499809583489 0.9365214432003665 0.9390551328486947 0.9463485074433887 0.5433754088607375 0.1553410975412017
 0.9362199273966957 0.9362227295168499 0.9362507314912704 0.9365288277770666 0.9391167665661194 0.9456949370052967 0.5273520431409068 0.1614443185886825
 0.9362199279622938 0.9362227351436126 0.936250784837145 0.9365290689924476 0.9390899082968022 0.9426661079328904 0.5038109291835644 0.1970787002461478
 0.9362199054894518 0.936222510383761 0.936248534095956 0.9365062476253752 0.9388306379865842 0.9375297890347591 0.4919392959512667 0.2206407449152585
 0.9362199064346761 0.9362225198102795 0.9362486257881232 0.9365069074736503 0.9388117813857264 0.9352428975403776 0.4880431446265333 0.2435095794301341
 0.9362199182648006 0.9362226380942158 0.9362498068976421 0.9365185456545918 0.9389109588246934 0.9347475902277168 0.4860828500577563 0.2316022075920492
 0.9362199257994887 0.9362227134343066 0.9362505596184556 0.9365260048464398 0.9389787486066055 0.9348086096011776 0.4852313245858809 0.1808446883886118
 0.9362199212320536 0.936222667759987 0.9362501028793342 0.9365214379138626 0.9389331767382846 0.9344076684546598 0.48538661843401 0.1094704023222228
 0.9362199222143378 0.9362226775843123 0.9362502012704134 0.9365224365916722 0.9389446232444689 0.9346380142193694 0.4858882856564011 0.04877814488545092
 0.9362199225315098 0.9362226807584327 0.9362502332522199 0.9365227804361337 0.9389504282426326 0.934877170338506 0.4857599040454187 0.04996713299432514
 0.9362199254770197 0.9362227102149638 0.936250527960486 0.9365257416946211 0.9389813378841079 0.9351972360969251 0.4828808349718047 0.07997648799789171
 0.9362199160476345 0.9362226159184743 0.9362495847321217 0.9365162830352391 0.9388840881223142 0.9339670539232631 0.4771759027727036 0.1196352117949278
 0.9362199162455408 0.9362226178846048 0.9362496030994624 0.9365163372532239 0.9388716410043304 0.9326401881508724 0.4704112108301118 0.1449371263722422


